2	99213.53007	21.70
3	99213.09133	19.40	
4	99210.88156	17.30	
5	99205.78579	15.00	
6	99200.11846	12.90	
7	99194.99049	10.80	
8	99188.06732	8.70	
9	99180.04531	6.50	
10	99171.80998	5.60	
11	99169.77328	4.50	
12	99153.80171	3.50	
13	99136.98487	2.40	
14	99131.83677	1.30	
15	99112.52035	0.00	
16	99210.92986	1.60
17	99242.58722	2.80	
18	99226.69614	3.90	
19	99218.89149	4.80	
20	99214.08955	6.00	
21	99212.10116	7.00	
22	99210.11679	9.00	
23	99209.16284	11.10	
24	99209.35605	13.20	
25	99209.02599	15.30	
26	99210.83326	17.60	
27	99213.09133	19.40	
			
